33-11998DH0033L01_3890_TACCGAGGAT-AGTTCAGGGT_L001__all_mapped_rehead.bam	8.94921	0.296115523046168	0.111741706809875
34-11998DH0034L01_3903_CGTTAGAAAT-GACCTGAAGT_L001__all_mapped_rehead.bam	8.76234	0.302430629261133	0.114124765758918
18-11998DH0112L01_4567_CGCTCATTAT-GCCTCTATGT_L001__all_mapped_rehead.bam	8.80105	0.30110043687969	0.113622806369695
19-11998DH0113L01_4568_CGCTCATTAT-AGGATAGGGT_L001__all_mapped_rehead.bam	9.24202	0.286733852556043	0.108201453794733
21-11998DH0115L01_4576_CGCTCATTAT-CTTCGCCTGT_L001__all_mapped_rehead.bam	8.24997	0.321213289260446	0.121212561985074
34-11998DH0128L01_4658_ATTCAGAAAT-GCCTCTATGT_L001__all_mapped_rehead.bam	8.02852	0.330073288725693	0.124555958009695
37-11998DH0131L01_4680_ATTCAGAAAT-CTTCGCCTGT_L001__all_mapped_rehead.bam	8.01311	0.330708052179491	0.124795491388487
42-11998DH0136L01_4717_GAATTCGTAT-GCCTCTATGT_L001__all_mapped_rehead.bam	8.78423	0.301676982501597	0.113840370755319
46-11998DH0140L01_4835_GAATTCGTAT-TAAGATTAGT_L001__all_mapped_rehead.bam	8.87741	0.29851048898271	0.112645467540645
50-11998DH0144L01_4853_CTGAAGCTAT-GCCTCTATGT_L001__all_mapped_rehead.bam	9.35671	0.283219208461094	0.106875173004186
53-11998DH0147L01_4879_CTGAAGCTAT-CTTCGCCTGT_L001__all_mapped_rehead.bam	11.0375	0.240090600226501	0.0906002265005663
54-11998DH0148L01_4881_CTGAAGCTAT-TAAGATTAGT_L001__all_mapped_rehead.bam	8.02863	0.330068766402238	0.124554251472543
55-11998DH0149L01_4884_CTGAAGCTAT-ACGTCCTGGT_L001__all_mapped_rehead.bam	8.57471	0.309048352655658	0.11662201987006
56-11998DH0150L01_4891_CTGAAGCTAT-GTCAGTACGT_L001__all_mapped_rehead.bam	9.73761	0.272140699822646	0.102694603706659
58-11998DH0152L01_4897_TAATGCGCAT-GCCTCTATGT_L001__all_mapped_rehead.bam	9.4735	0.279727661371193	0.105557608064601
70-11998DH0164L01_5012_CGGCTATGAT-TAAGATTAGT_L001__all_mapped_rehead.bam	9.3934	0.282112972938446	0.106457725637149
519_GACGTTCTCT-AGTAGAGCTA_L001__all_mapped_rehead.bam	9.45646	0.280231714616252	0.105747816836321
102_ACTTAGATCG-CGGAATTCTT_L002__all_mapped_rehead.bam	17.7206	0.149543469182759	0.0564314978048147
96_CAACCATACA-ACCGGTTATA_L002__all_mapped_rehead.bam	9.95088	0.266308105413793	0.10049362468445
97_GTAGGCCGTT-GCCACTGTCT_L002__all_mapped_rehead.bam	8.77288	0.302067280072223	0.113987652857442
586-6037_TTGCGCCAAG-CTCGGCTATC_L004__all_mapped_rehead.bam	8.14358	0.325409709243355	0.122796116695606
621-6020_TCAGAACCTG-ACCGATCTAT_L004__all_mapped_rehead.bam	9.74558	0.271918141352285	0.102610619378221
661-7321_ACCTCAGTAT-ACATTCACAG_L004__all_mapped_rehead.bam	8.24251	0.321504007881095	0.121322267124941
